solid OpenSCAD_Model
  facet normal -0 0 1
    outer loop
      vertex 0.844315 0.535812 4
      vertex 0.95105 0.309006 4
      vertex 9.51056 3.09016 4
    endloop
  endfacet
  facet normal 0 0 1
    outer loop
      vertex 0.48175 0.876297 4
      vertex 0.95105 0.309006 4
      vertex 0.844315 0.535812 4
    endloop
  endfacet
  facet normal 0 0 1
    outer loop
      vertex 0.48175 0.876297 4
      vertex -0.248688 0.968582 4
      vertex 0.95105 0.309006 4
    endloop
  endfacet
  facet normal -0 0 1
    outer loop
      vertex -0.664032 1.67717 4
      vertex 0.48175 0.876297 4
      vertex 0 10 4
    endloop
  endfacet
  facet normal 0 0 1
    outer loop
      vertex 0.48175 0.876297 4
      vertex -0.664032 1.67717 4
      vertex -0.248688 0.968582 4
    endloop
  endfacet
  facet normal 0 -0 1
    outer loop
      vertex -0.664032 1.67717 4
      vertex 0 10 4
      vertex -2.48689 9.68582 4
    endloop
  endfacet
  facet normal 0 0 1
    outer loop
      vertex 9.51056 3.09016 4
      vertex 0.95105 0.309006 4
      vertex 0.587784 -0.809006 4
    endloop
  endfacet
  facet normal 0 0 -1
    outer loop
      vertex 9.51056 3.09016 4
      vertex 0.587784 -0.809006 4
      vertex 0.95105 0.309006 4
    endloop
  endfacet
  facet normal 0 0 -1
    outer loop
      vertex 0.95105 0.309006 4
      vertex 0.844315 0.535812 4
      vertex 9.51056 3.09016 4
    endloop
  endfacet
  facet normal 0 0 -1
    outer loop
      vertex 0.95105 0.309006 4
      vertex 0.48175 0.876297 4
      vertex 0.844315 0.535812 4
    endloop
  endfacet
  facet normal 0 0 -1
    outer loop
      vertex -0.248688 0.968582 4
      vertex 0.48175 0.876297 4
      vertex 0.95105 0.309006 4
    endloop
  endfacet
  facet normal 0 0 -1
    outer loop
      vertex -0.664032 1.67717 4
      vertex 0.48175 0.876297 4
      vertex -0.248688 0.968582 4
    endloop
  endfacet
  facet normal 0 0 -1
    outer loop
      vertex 0.48175 0.876297 4
      vertex -0.664032 1.67717 4
      vertex 0 10 4
    endloop
  endfacet
  facet normal 0 0 -1
    outer loop
      vertex 0 10 4
      vertex -0.664032 1.67717 4
      vertex -2.48689 9.68582 4
    endloop
  endfacet
  facet normal 0 0 1
    outer loop
      vertex -0.664032 1.67717 4
      vertex -0.68454 0.728958 4
      vertex -0.48175 0.876297 4
    endloop
  endfacet
  facet normal 0 0 1
    outer loop
      vertex -0.664032 1.67717 4
      vertex -0.844315 0.535812 4
      vertex -0.68454 0.728958 4
    endloop
  endfacet
  facet normal 0 -0 1
    outer loop
      vertex -0.844315 0.535812 4
      vertex -0.664032 1.67717 4
      vertex -4.81754 8.76306 4
    endloop
  endfacet
  facet normal 0 0 -1
    outer loop
      vertex -0.68454 0.728958 4
      vertex -0.664032 1.67717 4
      vertex -0.48175 0.876297 4
    endloop
  endfacet
  facet normal 0 0 -1
    outer loop
      vertex -0.844315 0.535812 4
      vertex -0.664032 1.67717 4
      vertex -0.68454 0.728958 4
    endloop
  endfacet
  facet normal -0 0 -1
    outer loop
      vertex -0.664032 1.67717 4
      vertex -0.844315 0.535812 4
      vertex -4.81754 8.76306 4
    endloop
  endfacet
  facet normal 0 0 1
    outer loop
      vertex -9.51056 3.09016 4
      vertex -0.770508 -0.637421 4
      vertex -0.844315 0.535812 4
    endloop
  endfacet
  facet normal 0 0 1
    outer loop
      vertex -0.770508 -0.637421 4
      vertex -9.51056 3.09016 4
      vertex -19.9605 1.2558 4
    endloop
  endfacet
  facet normal 0 0 -1
    outer loop
      vertex -0.770508 -0.637421 4
      vertex -9.51056 3.09016 4
      vertex -0.844315 0.535812 4
    endloop
  endfacet
  facet normal 0 -0 -1
    outer loop
      vertex -9.51056 3.09016 4
      vertex -0.770508 -0.637421 4
      vertex -19.9605 1.2558 4
    endloop
  endfacet
  facet normal 0 0 1
    outer loop
      vertex -0.587784 -0.809006 4
      vertex -0.12532 -0.992111 4
      vertex 0.0426636 -0.970886 4
    endloop
  endfacet
  facet normal 0 0 1
    outer loop
      vertex -0.12532 -0.992111 4
      vertex -0.587784 -0.809006 4
      vertex -7.36249 -18.5955 4
    endloop
  endfacet
  facet normal 0 0 -1
    outer loop
      vertex -0.12532 -0.992111 4
      vertex -0.587784 -0.809006 4
      vertex 0.0426636 -0.970886 4
    endloop
  endfacet
  facet normal 0 -0 -1
    outer loop
      vertex -0.587784 -0.809006 4
      vertex -0.12532 -0.992111 4
      vertex -7.36249 -18.5955 4
    endloop
  endfacet
  facet normal -0 0 1
    outer loop
      vertex 0.0426636 -0.970886 4
      vertex 0.12532 -0.992111 4
      vertex 0.368118 -0.929764 4
    endloop
  endfacet
  facet normal 0 0 -1
    outer loop
      vertex 0.0426636 -0.970886 4
      vertex 0.368118 -0.929764 4
      vertex 0.12532 -0.992111 4
    endloop
  endfacet
  facet normal 0 0 -1
    outer loop
      vertex 9.51056 3.09016 8
      vertex 0.587784 -0.809006 8
      vertex 0.95105 0.309006 8
    endloop
  endfacet
  facet normal 0 0 -1
    outer loop
      vertex 0.95105 0.309006 8
      vertex 0.844315 0.535812 8
      vertex 9.51056 3.09016 8
    endloop
  endfacet
  facet normal 0 0 -1
    outer loop
      vertex 0.95105 0.309006 8
      vertex 0.48175 0.876297 8
      vertex 0.844315 0.535812 8
    endloop
  endfacet
  facet normal 0 0 -1
    outer loop
      vertex -0.248688 0.968582 8
      vertex 0.48175 0.876297 8
      vertex 0.95105 0.309006 8
    endloop
  endfacet
  facet normal 0 0 -1
    outer loop
      vertex -0.664032 1.67717 8
      vertex 0.48175 0.876297 8
      vertex -0.248688 0.968582 8
    endloop
  endfacet
  facet normal 0 0 -1
    outer loop
      vertex 0.48175 0.876297 8
      vertex -0.664032 1.67717 8
      vertex 0 10 8
    endloop
  endfacet
  facet normal 0 0 -1
    outer loop
      vertex 0 10 8
      vertex -0.664032 1.67717 8
      vertex -2.48689 9.68582 8
    endloop
  endfacet
  facet normal -0 0 1
    outer loop
      vertex 0.844315 0.535812 8
      vertex 0.95105 0.309006 8
      vertex 9.51056 3.09016 8
    endloop
  endfacet
  facet normal 0 0 1
    outer loop
      vertex 0.48175 0.876297 8
      vertex 0.95105 0.309006 8
      vertex 0.844315 0.535812 8
    endloop
  endfacet
  facet normal 0 0 1
    outer loop
      vertex 0.48175 0.876297 8
      vertex -0.248688 0.968582 8
      vertex 0.95105 0.309006 8
    endloop
  endfacet
  facet normal -0 0 1
    outer loop
      vertex -0.664032 1.67717 8
      vertex 0.48175 0.876297 8
      vertex 0 10 8
    endloop
  endfacet
  facet normal 0 0 1
    outer loop
      vertex 0.48175 0.876297 8
      vertex -0.664032 1.67717 8
      vertex -0.248688 0.968582 8
    endloop
  endfacet
  facet normal 0 -0 1
    outer loop
      vertex -0.664032 1.67717 8
      vertex 0 10 8
      vertex -2.48689 9.68582 8
    endloop
  endfacet
  facet normal 0 0 1
    outer loop
      vertex 9.51056 3.09016 8
      vertex 0.95105 0.309006 8
      vertex 0.587784 -0.809006 8
    endloop
  endfacet
  facet normal 0 0 -1
    outer loop
      vertex -0.68454 0.728958 8
      vertex -0.664032 1.67717 8
      vertex -0.48175 0.876297 8
    endloop
  endfacet
  facet normal 0 0 -1
    outer loop
      vertex -0.844315 0.535812 8
      vertex -0.664032 1.67717 8
      vertex -0.68454 0.728958 8
    endloop
  endfacet
  facet normal -0 0 -1
    outer loop
      vertex -0.664032 1.67717 8
      vertex -0.844315 0.535812 8
      vertex -4.81754 8.76306 8
    endloop
  endfacet
  facet normal 0 0 1
    outer loop
      vertex -0.664032 1.67717 8
      vertex -0.68454 0.728958 8
      vertex -0.48175 0.876297 8
    endloop
  endfacet
  facet normal 0 0 1
    outer loop
      vertex -0.664032 1.67717 8
      vertex -0.844315 0.535812 8
      vertex -0.68454 0.728958 8
    endloop
  endfacet
  facet normal 0 -0 1
    outer loop
      vertex -0.844315 0.535812 8
      vertex -0.664032 1.67717 8
      vertex -4.81754 8.76306 8
    endloop
  endfacet
  facet normal 0 0 -1
    outer loop
      vertex -0.770508 -0.637421 8
      vertex -9.51056 3.09016 8
      vertex -0.844315 0.535812 8
    endloop
  endfacet
  facet normal 0 -0 -1
    outer loop
      vertex -9.51056 3.09016 8
      vertex -0.770508 -0.637421 8
      vertex -19.9605 1.2558 8
    endloop
  endfacet
  facet normal 0 0 1
    outer loop
      vertex -9.51056 3.09016 8
      vertex -0.770508 -0.637421 8
      vertex -0.844315 0.535812 8
    endloop
  endfacet
  facet normal 0 0 1
    outer loop
      vertex -0.770508 -0.637421 8
      vertex -9.51056 3.09016 8
      vertex -19.9605 1.2558 8
    endloop
  endfacet
  facet normal 0 0 -1
    outer loop
      vertex -0.12532 -0.992111 8
      vertex -0.587784 -0.809006 8
      vertex 0.0426636 -0.970886 8
    endloop
  endfacet
  facet normal 0 -0 -1
    outer loop
      vertex -0.587784 -0.809006 8
      vertex -0.12532 -0.992111 8
      vertex -7.36249 -18.5955 8
    endloop
  endfacet
  facet normal 0 0 1
    outer loop
      vertex -0.587784 -0.809006 8
      vertex -0.12532 -0.992111 8
      vertex 0.0426636 -0.970886 8
    endloop
  endfacet
  facet normal 0 0 1
    outer loop
      vertex -0.12532 -0.992111 8
      vertex -0.587784 -0.809006 8
      vertex -7.36249 -18.5955 8
    endloop
  endfacet
  facet normal 0 0 -1
    outer loop
      vertex 0.0426636 -0.970886 8
      vertex 0.368118 -0.929764 8
      vertex 0.12532 -0.992111 8
    endloop
  endfacet
  facet normal -0 0 1
    outer loop
      vertex 0.0426636 -0.970886 8
      vertex 0.12532 -0.992111 8
      vertex 0.368118 -0.929764 8
    endloop
  endfacet
  facet normal -0.684562 -0.728954 0
    outer loop
      vertex 0.48175 0.876297 4
      vertex 0.844315 0.535812 8
      vertex 0.48175 0.876297 8
    endloop
  endfacet
  facet normal -0.684562 -0.728954 -0
    outer loop
      vertex 0.844315 0.535812 8
      vertex 0.48175 0.876297 4
      vertex 0.844315 0.535812 4
    endloop
  endfacet
  facet normal 0.684562 0.728954 -0
    outer loop
      vertex 0.844315 0.535812 4
      vertex 0.48175 0.876297 8
      vertex 0.844315 0.535812 8
    endloop
  endfacet
  facet normal 0.684562 0.728954 0
    outer loop
      vertex 0.48175 0.876297 8
      vertex 0.844315 0.535812 4
      vertex 0.48175 0.876297 4
    endloop
  endfacet
  facet normal -0.998609 -0.0527286 0
    outer loop
      vertex 0.48175 0.876297 4
      vertex 0 10 8
      vertex 0 10 4
    endloop
  endfacet
  facet normal -0.998609 -0.0527286 0
    outer loop
      vertex 0 10 8
      vertex 0.48175 0.876297 4
      vertex 0.48175 0.876297 8
    endloop
  endfacet
  facet normal 0.998609 0.0527286 0
    outer loop
      vertex 0.48175 0.876297 8
      vertex 0 10 4
      vertex 0 10 8
    endloop
  endfacet
  facet normal 0.998609 0.0527286 0
    outer loop
      vertex 0 10 4
      vertex 0.48175 0.876297 8
      vertex 0.48175 0.876297 4
    endloop
  endfacet
  facet normal 0.125337 -0.992114 0
    outer loop
      vertex -2.48689 9.68582 4
      vertex 0 10 8
      vertex -2.48689 9.68582 8
    endloop
  endfacet
  facet normal 0.125337 -0.992114 0
    outer loop
      vertex 0 10 8
      vertex -2.48689 9.68582 4
      vertex 0 10 4
    endloop
  endfacet
  facet normal -0.125337 0.992114 0
    outer loop
      vertex 0 10 4
      vertex -2.48689 9.68582 8
      vertex 0 10 8
    endloop
  endfacet
  facet normal -0.125337 0.992114 0
    outer loop
      vertex -2.48689 9.68582 8
      vertex 0 10 4
      vertex -2.48689 9.68582 4
    endloop
  endfacet
  facet normal 0.975061 0.221935 0
    outer loop
      vertex -0.664032 1.67717 8
      vertex -2.48689 9.68582 4
      vertex -2.48689 9.68582 8
    endloop
  endfacet
  facet normal 0.975061 0.221935 0
    outer loop
      vertex -2.48689 9.68582 4
      vertex -0.664032 1.67717 8
      vertex -0.664032 1.67717 4
    endloop
  endfacet
  facet normal -0.975061 -0.221935 0
    outer loop
      vertex -0.664032 1.67717 4
      vertex -2.48689 9.68582 8
      vertex -2.48689 9.68582 4
    endloop
  endfacet
  facet normal -0.975061 -0.221935 0
    outer loop
      vertex -2.48689 9.68582 8
      vertex -0.664032 1.67717 4
      vertex -0.664032 1.67717 8
    endloop
  endfacet
  facet normal 0.862716 0.505688 0
    outer loop
      vertex -0.664032 1.67717 8
      vertex -0.248688 0.968582 8
      vertex -0.248688 0.968582 4
    endloop
  endfacet
  facet normal -0.862716 -0.505688 0
    outer loop
      vertex -0.664032 1.67717 8
      vertex -0.248688 0.968582 4
      vertex -0.248688 0.968582 8
    endloop
  endfacet
  facet normal 0.481762 0.876302 -0
    outer loop
      vertex 0.95105 0.309006 4
      vertex -0.248688 0.968582 8
      vertex 0.95105 0.309006 8
    endloop
  endfacet
  facet normal 0.481762 0.876302 0
    outer loop
      vertex -0.248688 0.968582 8
      vertex 0.95105 0.309006 4
      vertex -0.248688 0.968582 4
    endloop
  endfacet
  facet normal -0.481762 -0.876302 0
    outer loop
      vertex -0.248688 0.968582 4
      vertex 0.95105 0.309006 8
      vertex -0.248688 0.968582 8
    endloop
  endfacet
  facet normal -0.481762 -0.876302 -0
    outer loop
      vertex 0.95105 0.309006 8
      vertex -0.248688 0.968582 4
      vertex 0.95105 0.309006 4
    endloop
  endfacet
  facet normal 0.951056 -0.309019 0
    outer loop
      vertex 0.587784 -0.809006 8
      vertex 0.95105 0.309006 4
      vertex 0.95105 0.309006 8
    endloop
  endfacet
  facet normal 0.951056 -0.309019 0
    outer loop
      vertex 0.95105 0.309006 4
      vertex 0.587784 -0.809006 8
      vertex 0.587784 -0.809006 4
    endloop
  endfacet
  facet normal -0.951056 0.309019 0
    outer loop
      vertex 0.587784 -0.809006 4
      vertex 0.95105 0.309006 8
      vertex 0.95105 0.309006 4
    endloop
  endfacet
  facet normal -0.951056 0.309019 0
    outer loop
      vertex 0.95105 0.309006 8
      vertex 0.587784 -0.809006 4
      vertex 0.587784 -0.809006 8
    endloop
  endfacet
  facet normal -0.400427 0.916329 0
    outer loop
      vertex 9.51056 3.09016 4
      vertex 0.587784 -0.809006 8
      vertex 9.51056 3.09016 8
    endloop
  endfacet
  facet normal -0.400427 0.916329 0
    outer loop
      vertex 0.587784 -0.809006 8
      vertex 9.51056 3.09016 4
      vertex 0.587784 -0.809006 4
    endloop
  endfacet
  facet normal 0.400427 -0.916329 0
    outer loop
      vertex 0.587784 -0.809006 4
      vertex 9.51056 3.09016 8
      vertex 0.587784 -0.809006 8
    endloop
  endfacet
  facet normal 0.400427 -0.916329 0
    outer loop
      vertex 9.51056 3.09016 8
      vertex 0.587784 -0.809006 4
      vertex 9.51056 3.09016 4
    endloop
  endfacet
  facet normal 0.282722 -0.959202 0
    outer loop
      vertex 0.844315 0.535812 4
      vertex 9.51056 3.09016 8
      vertex 0.844315 0.535812 8
    endloop
  endfacet
  facet normal 0.282722 -0.959202 0
    outer loop
      vertex 9.51056 3.09016 8
      vertex 0.844315 0.535812 4
      vertex 9.51056 3.09016 4
    endloop
  endfacet
  facet normal -0.282722 0.959202 0
    outer loop
      vertex 9.51056 3.09016 4
      vertex 0.844315 0.535812 8
      vertex 9.51056 3.09016 8
    endloop
  endfacet
  facet normal -0.282722 0.959202 0
    outer loop
      vertex 0.844315 0.535812 8
      vertex 9.51056 3.09016 4
      vertex 0.844315 0.535812 4
    endloop
  endfacet
  facet normal -0.587795 0.80901 0
    outer loop
      vertex -0.48175 0.876297 4
      vertex -0.68454 0.728958 8
      vertex -0.48175 0.876297 8
    endloop
  endfacet
  facet normal -0.587795 0.80901 0
    outer loop
      vertex -0.68454 0.728958 8
      vertex -0.48175 0.876297 4
      vertex -0.68454 0.728958 4
    endloop
  endfacet
  facet normal 0.587795 -0.80901 0
    outer loop
      vertex -0.68454 0.728958 4
      vertex -0.48175 0.876297 8
      vertex -0.68454 0.728958 8
    endloop
  endfacet
  facet normal 0.587795 -0.80901 0
    outer loop
      vertex -0.48175 0.876297 8
      vertex -0.68454 0.728958 4
      vertex -0.48175 0.876297 4
    endloop
  endfacet
  facet normal -0.975063 -0.221928 0
    outer loop
      vertex -0.664032 1.67717 4
      vertex -0.48175 0.876297 4
      vertex -0.48175 0.876297 8
    endloop
  endfacet
  facet normal 0.975063 0.221928 0
    outer loop
      vertex -0.664032 1.67717 4
      vertex -0.48175 0.876297 8
      vertex -0.48175 0.876297 4
    endloop
  endfacet
  facet normal -0.862714 -0.505693 0
    outer loop
      vertex -0.664032 1.67717 4
      vertex -4.81754 8.76306 8
      vertex -4.81754 8.76306 4
    endloop
  endfacet
  facet normal -0.862714 -0.505693 0
    outer loop
      vertex -4.81754 8.76306 8
      vertex -0.664032 1.67717 4
      vertex -0.664032 1.67717 8
    endloop
  endfacet
  facet normal 0.862714 0.505693 0
    outer loop
      vertex -0.664032 1.67717 8
      vertex -4.81754 8.76306 4
      vertex -4.81754 8.76306 8
    endloop
  endfacet
  facet normal 0.862714 0.505693 0
    outer loop
      vertex -4.81754 8.76306 4
      vertex -0.664032 1.67717 8
      vertex -0.664032 1.67717 4
    endloop
  endfacet
  facet normal 0.90049 0.434877 0
    outer loop
      vertex -0.844315 0.535812 8
      vertex -4.81754 8.76306 4
      vertex -4.81754 8.76306 8
    endloop
  endfacet
  facet normal 0.90049 0.434877 0
    outer loop
      vertex -4.81754 8.76306 4
      vertex -0.844315 0.535812 8
      vertex -0.844315 0.535812 4
    endloop
  endfacet
  facet normal -0.90049 -0.434877 0
    outer loop
      vertex -0.844315 0.535812 4
      vertex -4.81754 8.76306 8
      vertex -4.81754 8.76306 4
    endloop
  endfacet
  facet normal -0.90049 -0.434877 0
    outer loop
      vertex -4.81754 8.76306 8
      vertex -0.844315 0.535812 4
      vertex -0.844315 0.535812 8
    endloop
  endfacet
  facet normal -0.770531 0.637402 0
    outer loop
      vertex -0.844315 0.535812 8
      vertex -0.68454 0.728958 8
      vertex -0.68454 0.728958 4
    endloop
  endfacet
  facet normal 0.770531 -0.637402 0
    outer loop
      vertex -0.844315 0.535812 8
      vertex -0.68454 0.728958 4
      vertex -0.68454 0.728958 8
    endloop
  endfacet
  facet normal 0.172894 -0.98494 0
    outer loop
      vertex -19.9605 1.2558 4
      vertex -9.51056 3.09016 8
      vertex -19.9605 1.2558 8
    endloop
  endfacet
  facet normal 0.172894 -0.98494 0
    outer loop
      vertex -9.51056 3.09016 8
      vertex -19.9605 1.2558 4
      vertex -9.51056 3.09016 4
    endloop
  endfacet
  facet normal -0.172894 0.98494 0
    outer loop
      vertex -9.51056 3.09016 4
      vertex -19.9605 1.2558 8
      vertex -9.51056 3.09016 8
    endloop
  endfacet
  facet normal -0.172894 0.98494 0
    outer loop
      vertex -19.9605 1.2558 8
      vertex -9.51056 3.09016 4
      vertex -19.9605 1.2558 4
    endloop
  endfacet
  facet normal 0.0981798 0.995169 -0
    outer loop
      vertex -0.770508 -0.637421 4
      vertex -19.9605 1.2558 8
      vertex -0.770508 -0.637421 8
    endloop
  endfacet
  facet normal 0.0981798 0.995169 0
    outer loop
      vertex -19.9605 1.2558 8
      vertex -0.770508 -0.637421 4
      vertex -19.9605 1.2558 4
    endloop
  endfacet
  facet normal -0.0981798 -0.995169 0
    outer loop
      vertex -19.9605 1.2558 4
      vertex -0.770508 -0.637421 8
      vertex -19.9605 1.2558 8
    endloop
  endfacet
  facet normal -0.0981798 -0.995169 -0
    outer loop
      vertex -0.770508 -0.637421 8
      vertex -19.9605 1.2558 4
      vertex -0.770508 -0.637421 4
    endloop
  endfacet
  facet normal -0.998027 -0.0627848 0
    outer loop
      vertex -0.844315 0.535812 4
      vertex -0.770508 -0.637421 4
      vertex -0.770508 -0.637421 8
    endloop
  endfacet
  facet normal 0.998027 0.0627848 0
    outer loop
      vertex -0.844315 0.535812 4
      vertex -0.770508 -0.637421 8
      vertex -0.770508 -0.637421 4
    endloop
  endfacet
  facet normal -0.282722 -0.959202 0
    outer loop
      vertex -9.51056 3.09016 4
      vertex -0.844315 0.535812 8
      vertex -9.51056 3.09016 8
    endloop
  endfacet
  facet normal -0.282722 -0.959202 -0
    outer loop
      vertex -0.844315 0.535812 8
      vertex -9.51056 3.09016 4
      vertex -0.844315 0.535812 4
    endloop
  endfacet
  facet normal 0.282722 0.959202 -0
    outer loop
      vertex -0.844315 0.535812 4
      vertex -9.51056 3.09016 8
      vertex -0.844315 0.535812 8
    endloop
  endfacet
  facet normal 0.282722 0.959202 0
    outer loop
      vertex -9.51056 3.09016 8
      vertex -0.844315 0.535812 4
      vertex -9.51056 3.09016 4
    endloop
  endfacet
  facet normal -0.125355 0.992112 0
    outer loop
      vertex 0.0426636 -0.970886 4
      vertex -0.12532 -0.992111 8
      vertex 0.0426636 -0.970886 8
    endloop
  endfacet
  facet normal -0.125355 0.992112 0
    outer loop
      vertex -0.12532 -0.992111 8
      vertex 0.0426636 -0.970886 4
      vertex -0.12532 -0.992111 4
    endloop
  endfacet
  facet normal 0.125355 -0.992112 0
    outer loop
      vertex -0.12532 -0.992111 4
      vertex 0.0426636 -0.970886 8
      vertex -0.12532 -0.992111 8
    endloop
  endfacet
  facet normal 0.125355 -0.992112 0
    outer loop
      vertex 0.0426636 -0.970886 8
      vertex -0.12532 -0.992111 4
      vertex 0.0426636 -0.970886 4
    endloop
  endfacet
  facet normal -0.248703 -0.96858 0
    outer loop
      vertex -0.587784 -0.809006 4
      vertex 0.0426636 -0.970886 8
      vertex -0.587784 -0.809006 8
    endloop
  endfacet
  facet normal 0.248703 0.96858 -0
    outer loop
      vertex -0.587784 -0.809006 4
      vertex -0.587784 -0.809006 8
      vertex 0.0426636 -0.970886 8
    endloop
  endfacet
  facet normal 0.934507 -0.355944 0
    outer loop
      vertex -7.36249 -18.5955 8
      vertex -0.587784 -0.809006 4
      vertex -0.587784 -0.809006 8
    endloop
  endfacet
  facet normal 0.934507 -0.355944 0
    outer loop
      vertex -0.587784 -0.809006 4
      vertex -7.36249 -18.5955 8
      vertex -7.36249 -18.5955 4
    endloop
  endfacet
  facet normal -0.934507 0.355944 0
    outer loop
      vertex -7.36249 -18.5955 4
      vertex -0.587784 -0.809006 8
      vertex -0.587784 -0.809006 4
    endloop
  endfacet
  facet normal -0.934507 0.355944 0
    outer loop
      vertex -0.587784 -0.809006 8
      vertex -7.36249 -18.5955 4
      vertex -7.36249 -18.5955 8
    endloop
  endfacet
  facet normal -0.924887 0.380242 0
    outer loop
      vertex -7.36249 -18.5955 4
      vertex -0.12532 -0.992111 8
      vertex -0.12532 -0.992111 4
    endloop
  endfacet
  facet normal -0.924887 0.380242 0
    outer loop
      vertex -0.12532 -0.992111 8
      vertex -7.36249 -18.5955 4
      vertex -7.36249 -18.5955 8
    endloop
  endfacet
  facet normal 0.924887 -0.380242 0
    outer loop
      vertex -7.36249 -18.5955 8
      vertex -0.12532 -0.992111 4
      vertex -0.12532 -0.992111 8
    endloop
  endfacet
  facet normal 0.924887 -0.380242 0
    outer loop
      vertex -0.12532 -0.992111 4
      vertex -7.36249 -18.5955 8
      vertex -7.36249 -18.5955 4
    endloop
  endfacet
  facet normal -0.248718 0.968576 0
    outer loop
      vertex 0.368118 -0.929764 4
      vertex 0.12532 -0.992111 8
      vertex 0.368118 -0.929764 8
    endloop
  endfacet
  facet normal -0.248718 0.968576 0
    outer loop
      vertex 0.12532 -0.992111 8
      vertex 0.368118 -0.929764 4
      vertex 0.12532 -0.992111 4
    endloop
  endfacet
  facet normal 0.248718 -0.968576 0
    outer loop
      vertex 0.12532 -0.992111 4
      vertex 0.368118 -0.929764 8
      vertex 0.12532 -0.992111 8
    endloop
  endfacet
  facet normal 0.248718 -0.968576 0
    outer loop
      vertex 0.368118 -0.929764 8
      vertex 0.12532 -0.992111 4
      vertex 0.368118 -0.929764 4
    endloop
  endfacet
  facet normal 0.125357 -0.992112 0
    outer loop
      vertex 0.0426636 -0.970886 4
      vertex 0.368118 -0.929764 4
      vertex 0.368118 -0.929764 8
    endloop
  endfacet
  facet normal -0.125357 0.992112 0
    outer loop
      vertex 0.0426636 -0.970886 4
      vertex 0.368118 -0.929764 8
      vertex 0.368118 -0.929764 4
    endloop
  endfacet
  facet normal 0.248715 0.968577 -0
    outer loop
      vertex 0.12532 -0.992111 4
      vertex 0.0426636 -0.970886 8
      vertex 0.12532 -0.992111 8
    endloop
  endfacet
  facet normal 0.248715 0.968577 0
    outer loop
      vertex 0.0426636 -0.970886 8
      vertex 0.12532 -0.992111 4
      vertex 0.0426636 -0.970886 4
    endloop
  endfacet
  facet normal -0.248715 -0.968577 0
    outer loop
      vertex 0.0426636 -0.970886 4
      vertex 0.12532 -0.992111 8
      vertex 0.0426636 -0.970886 8
    endloop
  endfacet
  facet normal -0.248715 -0.968577 -0
    outer loop
      vertex 0.12532 -0.992111 8
      vertex 0.0426636 -0.970886 4
      vertex 0.12532 -0.992111 4
    endloop
  endfacet
endsolid OpenSCAD_Model
